epoch:1
{'id': 'W1', 'value': [[0.5605985644813902, 1.2667991892353174, -0.9650979665539059, -0.9439104162159149, 0.3935021130214442], [-0.23909655816491895, 2.2836743920434337, -0.3806968461527718, 0.2793146507903361, -1.046563737432814]]}
{'id': 'b1', 'value': [-0.001537741608697842, 3.740263412057323e-05, -0.023839848595135313, 0.012777604597068424, -0.007065989130965764]}
{'id': 'L1', 'value': [[0.0903411809057087, 2.2012218662704073, -0.7184798059730131, -0.23859044777577257, -0.5585927205455581], [-0.34975633819462776, -2.787640575744768, 1.1672321532859378, 0.6747439944104674, 0.37697568393598846], [0.44009751910033656, 4.988862442015176, -1.8857119592589506, -0.9133344421862399, -0.9355684044815465], [0.44009751910033656, 4.988862442015176, -1.8857119592589506, -0.9133344421862399, -0.9355684044815465], [-0.34975633819462776, -2.787640575744768, 1.1672321532859378, 0.6747439944104674, 0.37697568393598846], [-0.44009751910033656, -4.988862442015176, 1.8857119592589506, 0.9133344421862399, 0.9355684044815465]]}
{'id': 'S1', 'value': [[0.5225699468744717, 0.9003591812253626, 0.32772782781867243, 0.44063374190266164, 0.36387313951519856], [0.4134415096825352, 0.05799572150924578, 0.7626443500847584, 0.6625646036787342, 0.5931434680849254], [0.608282267350678, 0.9932326976750292, 0.13173416266536897, 0.28631799214308545, 0.28179637277163105], [0.608282267350678, 0.9932326976750292, 0.13173416266536897, 0.28631799214308545, 0.28179637277163105], [0.4134415096825352, 0.05799572150924578, 0.7626443500847584, 0.6625646036787342, 0.5931434680849254], [0.39171773264932197, 0.0067673023249708595, 0.868265837334631, 0.7136820078569145, 0.7182036272283688]]}
{'id': 'W2', 'value': [[-0.09225343577058132], [0.04293646998004316], [-2.816144721921733], [1.116431257388506], [-0.5675771382238786]]}
{'id': 'b2', 'value': [0.053821938834704]}
{'id': 'L2', 'value': [[-0.714189059459753], [-1.84883354529696], [-0.28418622576155506], [-0.28418622576155506], [-1.84883354529696], [-2.166353048834418]]}
{'id': 'MSE', 'value': 7.343222074315027}
epoch:2
{'id': 'W1', 'value': [[0.5611571844557935, 1.2667290396236022, -0.9513828485798074, -0.9502654224168208, 0.3968541344257882], [-0.23852867188711824, 2.2835971731768168, -0.36634890542763743, 0.2727775235102632, -1.043194086170172]]}
{'id': 'b1', 'value': [-0.002736135610444765, 0.00021275363253881247, -0.05470695490865979, 0.02675453004788473, -0.01408358872817362]}
{'id': 'L1', 'value': [[0.0889021702047791, 2.2012531271549127, -0.7397867179287039, -0.22666272960301687, -0.5649422220445343], [-0.09197765342217477, -2.2011783218866716, 0.6921070207384332, 0.2522179387971537, 0.5508102437826027], [-0.3514843628724297, -2.787592397771486, 1.1388605685810451, 0.6891635566558382, 0.368654161013491], [-0.3514843628724297, -2.787592397771486, 1.1388605685810451, 0.6891635566558382, 0.368654161013491], [-0.09197765342217477, -2.2011783218866716, 0.6921070207384332, 0.2522179387971537, 0.5508102437826027], [-0.09197765342217477, -2.2011783218866716, 0.6921070207384332, 0.2522179387971537, 0.5508102437826027]]}
{'id': 'S1', 'value': [[0.5222109156360876, 0.9003619856831774, 0.32305078443865815, 0.44357568228184263, 0.36240469788155677], [0.47702178379018745, 0.09964472531939943, 0.6664354799819913, 0.5627223357208164, 0.634323553322737], [0.41302251329295564, 0.05799835363482534, 0.7574703766051846, 0.6657808299416037, 0.5911337363010749], [0.41302251329295564, 0.05799835363482534, 0.7574703766051846, 0.6657808299416037, 0.5911337363010749], [0.47702178379018745, 0.09964472531939943, 0.6664354799819913, 0.5627223357208164, 0.634323553322737], [0.47702178379018745, 0.09964472531939943, 0.6664354799819913, 0.5627223357208164, 0.634323553322737]]}
{'id': 'W2', 'value': [[-0.06793922114460033], [0.054299340740443736], [-2.78240980776459], [1.146855455866863], [-0.5373394407703689]]}
{'id': 'b2', 'value': [0.10640075463666185]}
{'id': 'L2', 'value': [[-0.5759240730553924], [-1.5944720686262002], [-1.7071522308266809], [-1.7071522308266809], [-1.5944720686262002], [-1.5944720686262002]]}
{'id': 'MSE', 'value': 6.91443119608843}
epoch:3
{'id': 'W1', 'value': [[0.5614002083117777, 1.2667595467647348, -0.9481642638545167, -0.9533732260770181, 0.398349640305398], [-0.23828365290073533, 2.2836322175012325, -0.3632861410557481, 0.26969018828672314, -1.0416708522814266]]}
{'id': 'b1', 'value': [-0.0035882756462412993, 0.0003622143694655419, -0.0801240123886281, 0.04006522193580303, -0.020237560834663364]}
{'id': 'L1', 'value': [[-0.4447015535642604, -4.988426148444644, 1.7846026813987206, 0.9606510990776448, 0.9100923346272417], [0.08836392324122634, 2.2013414032088523, -0.7541594321138372, -0.2202500474189087, -0.5680254339881894], [0.3481292234916997, 2.787723006133408, -1.194564114010863, -0.660137461515082, -0.38431766682357305], [-0.4447015535642604, -4.988426148444644, 1.7846026813987206, 0.9606510990776448, 0.9100923346272417], [0.08836392324122634, 2.2013414032088523, -0.7541594321138372, -0.2202500474189087, -0.5680254339881894], [-0.09383619446211587, -2.2009158959437745, 0.6447455222965175, 0.27375910751467813, 0.5398582565318422]]}
{'id': 'S1', 'value': [[0.3906212551345581, 0.00677023550595578, 0.8562642738710307, 0.7232521470671434, 0.7130190569013769], [0.5220766178234784, 0.9003699046728495, 0.3199156576550336, 0.4451590042177836, 0.36169257037841673], [0.5861638470960574, 0.9420087816816249, 0.23244364159494824, 0.34070873340206376, 0.4050859518540139], [0.3906212551345581, 0.00677023550595578, 0.8562642738710307, 0.7232521470671434, 0.7130190569013769], [0.5220766178234784, 0.9003699046728495, 0.3199156576550336, 0.4451590042177836, 0.36169257037841673], [0.47655814977032607, 0.09966827150821479, 0.6558254031745838, 0.5680155265995737, 0.6317794439768473]]}
{'id': 'W2', 'value': [[-0.04349162429709742], [0.07736529310285645], [-2.7537278990422585], [1.1751919541714269], [-0.5095405874201899]]}
{'id': 'b2', 'value': [0.15776555056076608]}
{'id': 'L2', 'value': [[-1.8559158339948814], [-0.4541343462091356], [-0.3559507619769702], [-1.8559158339948814], [-0.4541343462091356], [-1.433387654846262]]}
{'id': 'MSE', 'value': 6.638323458638351}
epoch:4
{'id': 'W1', 'value': [[0.561178294183517, 1.2667737463898185, -0.9547850621397517, -0.9481896970533359, 0.3960661992591372], [-0.23847189203889788, 2.2836269322969214, -0.36800337038054104, 0.27399941993543503, -1.0435678931419663]]}
{'id': 'b1', 'value': [-0.004051151943810284, 0.0005601200777258706, -0.10193470975911054, 0.051811819481144925, -0.025211283630781192]}
{'id': 'L1', 'value': [[-0.09497408727000038, -2.2008053373485077, 0.6156728481442623, 0.2906915086223364, 0.5319349107119521], [0.4390611460370475, 4.989093042792192, -1.9106325001356868, -0.9025133990808158, -0.9401824520619424], [0.34767533441328835, 2.7879254910742186, -1.2148356396027964, -0.6518871123942824, -0.38800998051532704], [-0.09497408727000038, -2.2008053373485077, 0.6156728481442623, 0.2906915086223364, 0.5319349107119521], [0.4390611460370475, 4.989093042792192, -1.9106325001356868, -0.9025133990808158, -0.9401824520619424], [0.08779753597751778, 2.201529766087439, -0.7759208729215185, -0.21056106475073033, -0.5724100323812787]]}
{'id': 'S1', 'value': [[0.4762743094654715, 0.09967819286838409, 0.6492337668514842, 0.5721654172567401, 0.6299342859946466], [0.6080352979172348, 0.9932342474832407, 0.1289098107237338, 0.2885342670686304, 0.2808634895906159], [0.5860537402893716, 0.9420198420869981, 0.22884655878592972, 0.342564406951995, 0.404196449029789], [0.4762743094654715, 0.09967819286838409, 0.6492337668514842, 0.5721654172567401, 0.6299342859946466], [0.6080352979172348, 0.9932342474832407, 0.1289098107237338, 0.2885342670686304, 0.2808634895906159], [0.5219352952884004, 0.9003868002908714, 0.31519969649966745, 0.44755336345203706, 0.36068090863725816]]}
{'id': 'W2', 'value': [[-0.019916086510619272], [0.10576931057056296], [-2.7379941426587355], [1.1936930234248495], [-0.49047103934900477]]}
{'id': 'b2', 'value': [0.20121358822577184]}
{'id': 'L2', 'value': [[-1.2916227882474411], [0.04915222594142654], [-0.22839995210297231], [-1.2916227882474411], [0.04915222594142654], [-0.3210702227867341]]}
{'id': 'MSE', 'value': 4.744636234661387}
epoch:5
{'id': 'W1', 'value': [[0.5611091090641968, 1.2668201753303343, -0.9597154175347908, -0.944325896235028, 0.3944675035783345], [-0.23851781392732163, 2.2836387728709497, -0.3703752541029976, 0.27653706240821907, -1.0446089639882685]]}
{'id': 'b1', 'value': [-0.004254610599291395, 0.0007253728096605088, -0.11985153816203348, 0.0628309594814896, -0.029785731217078195]}
{'id': 'L1', 'value': [[0.3468739003842726, 2.788132805876982, -1.2461115899462625, -0.6322944125705533, -0.3964391693853943], [0.3468739003842726, 2.788132805876982, -1.2461115899462625, -0.6322944125705533, -0.3964391693853943], [-0.44612618444438923, -4.988182953384852, 1.7444394498694098, 0.9810977436199287, 0.9005875119357598], [0.43802388055676866, 4.989303193540303, -1.948308869387631, -0.877474104657639, -0.9510100791973222], [-0.09520113211630629, -2.200610267585595, 0.6002625696822579, 0.2969915115682307, 0.5293596261811467], [0.43802388055676866, 4.989303193540303, -1.948308869387631, -0.877474104657639, -0.9510100791973222]]}
{'id': 'S1', 'value': [[0.5858593031992118, 0.9420311642645209, 0.2233739669292974, 0.3469904689095032, 0.4021681675486165], [0.5858593031992118, 0.9420311642645209, 0.2233739669292974, 0.3469904689095032, 0.4021681675486165], [0.3902821941762832, 0.006771871042850391, 0.8512500806377663, 0.7273259783585058, 0.7110702215435559], [0.6077880604379122, 0.9932356595450873, 0.12473787587526353, 0.2937014797885536, 0.2786817322671903], [0.47621767636465845, 0.09969570027408182, 0.6457163757334186, 0.5737069026159735, 0.629333742560657], [0.6077880604379122, 0.9932356595450873, 0.12473787587526353, 0.2937014797885536, 0.2786817322671903]]}
{'id': 'W2', 'value': [[0.002616702974587423], [0.13191918403335312], [-2.7211952918880304], [1.2126856311381546], [-0.47062334267816225]]}
{'id': 'b2', 'value': [0.243495285426669]}
{'id': 'L2', 'value': [[-0.1054647998328776], [-0.1054647998328776], [-1.6171161887978962], [0.16653519458446822], [-1.1895337609744385], [0.16653519458446822]]}
{'id': 'MSE', 'value': 4.53875094469672}
epoch:6
{'id': 'W1', 'value': [[0.5610999828292347, 1.266724723958616, -0.9516563405452941, -0.9479741793283151, 0.39606015936413413], [-0.23852697253775734, 2.283535889824231, -0.36224370991232635, 0.27282315175736016, -1.0430263612411739]]}
{'id': 'b1', 'value': [-0.004227708538996413, 0.0009742678007875975, -0.1396362001879984, 0.07410184416348171, -0.03433589127967407]}
{'id': 'L1', 'value': [[-0.3550831382745932, -2.786898670386125, 1.0305671392132025, 0.7415656228733482, 0.3436584073873576], [0.34657391707601043, 2.7883494160054463, -1.2702702155372696, -0.6159037039103689, -0.40322986982151393], [0.4376593990827612, 4.989549668642126, -1.9764269811048478, -0.8575004195671685, -0.9592769801859111], [-0.09534009260604219, -2.2004748798270195, 0.5863052274055447, 0.3044276751382893, 0.5262613791473191], [-0.3550831382745932, -2.786898670386125, 1.0305671392132025, 0.7415656228733482, 0.3436584073873576], [-0.44616862028134396, -4.988098923022805, 1.7367239047807808, 0.9831623385301478, 0.8997055177517548]]}
{'id': 'S1', 'value': [[0.4121503184269006, 0.05803626673833146, 0.7370258328249071, 0.6773381199402503, 0.5850789192093822], [0.5857865169209179, 0.94204299187533, 0.21921099915295963, 0.35071366234183826, 0.40053657690311206], [0.6077011712994874, 0.9932373153075005, 0.12170023941307614, 0.2978618440518102, 0.2770229788384141], [0.47618301495273196, 0.09970785285965733, 0.6425169449660989, 0.5755245403901377, 0.6286107167087543], [0.4121503184269006, 0.05803626673833146, 0.7370258328249071, 0.6773381199402503, 0.5850789192093822], [0.3902720961065367, 0.0067724362555671175, 0.8502704622432833, 0.7277352425796921, 0.7108889826733672]]}
{'id': 'W2', 'value': [[0.022654595491889473], [0.1454829204088043], [-2.6965795699182524], [1.2368121564130157], [-0.44741563537361423]]}
{'id': 'b2', 'value': [0.28595553812396834]}
{'id': 'L2', 'value': [[-1.2073149601548276], [0.009589275014171006], [0.2757816946099513], [-1.0884279283130007], [-1.2073149601548276], [-1.5203889301912663]]}
{'id': 'MSE', 'value': 4.5655056427692955}
epoch:7
{'id': 'W1', 'value': [[0.5610449270014833, 1.2667961560773149, -0.9490416593971441, -0.9500289538131379, 0.39685342538887125], [-0.23859934818659362, 2.2835850826875936, -0.3581313828148691, 0.26990225602446205, -1.0418968008537546]]}
{'id': 'b1', 'value': [-0.0039978214321085784, 0.0012620403316714007, -0.15894068024011498, 0.08554225016369713, -0.038530321887547875]}
{'id': 'L1', 'value': [[0.346585893768997, 2.7884371908980814, -1.2768437520620024, -0.6106366044517456, -0.4051864480112023], [-0.4461160921123136, -4.987571973233938, 1.6942476194835967, 1.0047519667501648, 0.8907054503126], [-0.09530248980432031, -2.2001090501366445, 0.5570400676095928, 0.32001351813493745, 0.5198548935810718], [-0.4461160921123136, -4.987571973233938, 1.6942476194835967, 1.0047519667501648, 0.8907054503126], [0.08684707272632748, 2.2020575857382196, -0.8363124679855896, -0.171809829807974, -0.58852667614042], [0.346585893768997, 2.7884371908980814, -1.2768437520620024, -0.6106366044517456, -0.4051864480112023]]}
{'id': 'S1', 'value': [[0.5857894229507848, 0.9420477840223932, 0.21808796574492478, 0.3519139935178217, 0.4000668802865249], [0.39028459577049907, 0.006775981741811233, 0.8447819467607637, 0.7319918455323677, 0.7090357312905669], [0.4761923943314181, 0.09974069680894988, 0.6357673928163545, 0.5793275466182907, 0.6271138349533177], [0.39028459577049907, 0.006775981741811233, 0.8447819467607637, 0.7319918455323677, 0.7090357312905669], [0.521698131871127, 0.9004341306483178, 0.3023119887744907, 0.4571528896860179, 0.3569729745704914], [0.5857894229507848, 0.9420477840223932, 0.21808796574492478, 0.3519139935178217, 0.4000668802865249]]}
{'id': 'W2', 'value': [[0.04285359600824238], [0.16409489769909616], [-2.6741751429978327], [1.2597597534957745], [-0.42457401101965603]]}
{'id': 'b2', 'value': [0.3277133099386526]}
{'id': 'L2', 'value': [[0.10444199821512812], [-1.3941359305588774], [-0.9672044933543303], [-1.3941359305588774], [0.01926081363655535], [0.10444199821512812]]}
{'id': 'MSE', 'value': 4.407212537886092}
epoch:8
{'id': 'W1', 'value': [[0.561110458736809, 1.266933639426862, -0.9526249102955471, -0.9478008549804341, 0.3960906734750815], [-0.23857637795721764, 2.283687443177989, -0.35978661584914784, 0.2709689523850099, -1.0422417089607123]]}
{'id': 'b1', 'value': [-0.003601086339335198, 0.0016139622525334304, -0.1771212465561868, 0.09641308355654511, -0.042246265699546606]}
{'id': 'L1', 'value': [[-0.09499593948937668, -2.199889128858661, 0.5336173709996802, 0.33447048507429833, 0.51449453234841], [0.3467136317718581, 2.788825881327496, -1.290819653375596, -0.6031639351499501, -0.407847737179204], [0.3467136317718581, 2.788825881327496, -1.290819653375596, -0.6031639351499501, -0.407847737179204], [0.3467136317718581, 2.788825881327496, -1.290819653375596, -0.6031639351499501, -0.407847737179204], [0.08700029662515951, 2.2024132095220037, -0.8514987314799102, -0.16338598474690408, -0.5915551761235058], [-0.44570739269334325, -4.987452969854486, 1.6654963441351611, 1.0231766703879455, 0.8838119476400661]]}
{'id': 'S1', 'value': [[0.4762688587142513, 0.09976044582648826, 0.6303264104118307, 0.5828467154875019, 0.6258595053040642], [0.5858204169824492, 0.9420690004474376, 0.21571410829677665, 0.3536201693117937, 0.39942830550699776], [0.5858204169824492, 0.9420690004474376, 0.21571410829677665, 0.3536201693117937, 0.39942830550699776], [0.5858204169824492, 0.9420690004474376, 0.21571410829677665, 0.3536201693117937, 0.39942830550699776], [0.5217363655794662, 0.9004660086721962, 0.2991185589308486, 0.4592441282657695, 0.3562781043004508], [0.3903818552781003, 0.006776782689635899, 0.8409744428126966, 0.735590914299891, 0.7076115270587712]]}
{'id': 'W2', 'value': [[0.06252539014769667], [0.1872862553811041], [-2.658161104374969], [1.2781547896399266], [-0.40594760257293094]]}
{'id': 'b2', 'value': [0.36566392789018937]}
{'id': 'L2', 'value': [[-0.8525867412181212], [0.20643881081359672], [0.20643881081359672], [0.20643881081359672], [0.12520889788151923], [-1.2771239745652163]]}
{'id': 'MSE', 'value': 3.630466353987789}
epoch:9
{'id': 'W1', 'value': [[0.5611090252334889, 1.2668860273755171, -0.9502664610819336, -0.9475963299265557, 0.396176154577998], [-0.23859716322393235, 2.2836172771071412, -0.356722264961926, 0.27076537292373554, -1.0420398947968499]]}
{'id': 'b1', 'value': [-0.0030768589066042335, 0.0018555753255758744, -0.19188858374699935, 0.10601901403341282, -0.04536656774970024]}
{'id': 'L1', 'value': [[-0.3543894525459964, -2.7861495433885697, 0.9592455987865464, 0.782302181956585, 0.3280212075063521], [-0.09464578210042915, -2.19967322915888, 0.5182659540387257, 0.3435556408953374, 0.5113755609241906], [0.43823197562842003, 4.99066465930505, -2.008875292493832, -0.8366185721822871, -0.9661355655291826], [-0.44543414830709044, -4.987436734799983, 1.6546327993814585, 1.0294447392953774, 0.8816430341300894], [0.347187279867326, 2.7893774678936367, -1.31348809189892, -0.5894760148434948, -0.4125137389054453], [0.43823197562842003, 4.99066465930505, -2.008875292493832, -0.8366185721822871, -0.9661355655291826]]}
{'id': 'S1', 'value': [[0.4123183965292243, 0.058077233618527985, 0.7229707360117774, 0.6861760746319414, 0.5812778283961129], [0.4763562015892735, 0.09977983708689407, 0.6267421990535055, 0.5850539712355598, 0.6251288826585345], [0.6078376653891087, 0.9932448005276031, 0.11827421806515678, 0.30224742935281074, 0.2756514356930196], [0.3904468849799059, 0.006776891966355883, 0.8395162038728763, 0.7368082328037191, 0.7071625823960265], [0.5859353358464533, 0.9420990959444182, 0.21190374549522611, 0.35675508986124055, 0.3983095271595471], [0.6078376653891087, 0.9932448005276031, 0.11827421806515678, 0.30224742935281074, 0.2756514356930196]]}
{'id': 'W2', 'value': [[0.0799207953042485], [0.20319505523461442], [-2.6415086271679176], [1.2961792403941061], [-0.3885841264716336]]}
{'id': 'b2', 'value': [0.4003724213243782]}
{'id': 'L2', 'value': [[-0.878380430501353], [-0.7578260943818247], [0.5497173483397946], [-1.1855393123511404], [0.30976311029807274], [0.5497173483397946]]}
{'id': 'MSE', 'value': 3.076397998055793}
epoch:10
{'id': 'W1', 'value': [[0.5610941072550268, 1.2669618459522667, -0.9498173488004809, -0.9473016328177614, 0.39629442010353355], [-0.23850606453497558, 2.283782291994183, -0.35918159730219407, 0.2727348723097871, -1.042405077474899]]}
{'id': 'b1', 'value': [-0.0024060177533199835, 0.0022438847445673056, -0.2080376916901845, 0.11610289650344906, -0.048343725433560254]}
{'id': 'L1', 'value': [[0.0879524758683536, 2.203071111735421, -0.8840172112064941, -0.14117281902006307, -0.5988061201480154], [0.0879524758683536, 2.203071111735421, -0.8840172112064941, -0.14117281902006307, -0.5988061201480154], [0.0879524758683536, 2.203071111735421, -0.8840172112064941, -0.14117281902006307, -0.5988061201480154], [-0.4448785353189938, -4.987029771626741, 1.6322565660766828, 1.0390545444987183, 0.878118613567476], [-0.353849200544036, -2.7858142352168955, 0.940127938617188, 0.7918627114452425, 0.3246790611691609], [0.4387248175057853, 4.990740922277892, -2.0160337335706813, -0.8270165164318927, -0.9688517490668765]]}
{'id': 'S1', 'value': [[0.5219739555791983, 0.9005249589244211, 0.29234600624184126, 0.46476529410014605, 0.35461688214328824], [0.5219739555791983, 0.9005249589244211, 0.29234600624184126, 0.46476529410014605, 0.35461688214328824], [0.5219739555791983, 0.9005249589244211, 0.29234600624184126, 0.46476529410014605, 0.35461688214328824], [0.39057912786984467, 0.0067796317714226405, 0.8364785312512256, 0.7386675386158925, 0.7064321999541602], [0.41244931223628417, 0.05809557912507056, 0.7191254996964491, 0.6882311508474928, 0.5804641500437576], [0.6079551383732436, 0.9932453121998626, 0.1175297345041699, 0.3042762813971196, 0.2751094321293023]]}
{'id': 'W2', 'value': [[0.09666787081960626], [0.2232833559089734], [-2.625928722718837], [1.31464760538705], [-0.3729696930706082]]}
{'id': 'b2', 'value': [0.434710400543565]}
{'id': 'L2', 'value': [[0.317457350633786], [0.317457350633786], [0.317457350633786], [-1.093662663459311], [-0.7879240030462002], [0.6278208488481152]]}
{'id': 'MSE', 'value': 2.9926367521161708}
